3
0
624
633
30879
20904
6477
11601
18141
30242
16005
17653
11341
31226
27335
7191
2414
22596
5921
18591
22869
10578
7664
4483
1266
14563
18505
22168
31636
19607
19096
10920
13487
11942
29831
21444
32478
20690
6178
9691
16420
7066
27704
27532
2935
15793
28164
20793
12159
4014
1548
1629
8859
24581
29770
2335
28709
15158
18314
20519
2807
1092
25619
18096
10541
29033
23945
20190
3373
16648
10258
15954
24549
15075
25784
2301
84
20878
19727
3633
27724
30756
535
15358
9846
56
16995
31931
15766
5134
19323
8931
22800
8459
27264
18211
28332
18027
14
19632
1430
7218
31590
32734
10921
26213
4301
751
31212
2169
12079
32040
24925
19724
30984
16427
238
21971
17541
22400
19406
18388
26342
13941
20201
2005
20262
30760
16562
6932
13278
26082
15904
56
22631
14246
22774
5256
11582
17162
23368
22875
20397
3142
25659
11727
11432
28043
16908
20670
19190
18582
11604
16110
145
30340
18826
16776
5966
27112
3785
16588
9408
14107
211
12034
6490
30419
22359
8116
19157
14071
31599
24346
32209
28082
32365
7638
12991
8903
28119
1250
14846
17188
10416
17862
21316
21177
6649
31502
23616
28810
31864
27899
21118
24835
3000
3705
11402
4748
18001
18001
20056
20574
9577
22688
7395
6037
28027
1160
29973
17030
31832
10789
2535
32338
14443
3266
28105
16060
1344
1357
19268
9271
24904
14601
4318
2115
4310
10371
5182
9210
31342
10951
28816
1254
6207
10451
9259
17430
8942
11596
12657
13169
22933
7280
18167
30026
2828
10316
13031
12852
17511
21807
9634
24855
18623
8798
1961
21891
13878
11017
26301
2117
31797
21374
15941
20024
1784
22173
7921
29022
17485
18316
31133
24623
26008
23468
4472
26417
795
4299
22885
10441
1140
923
16545
18257
29287
2658
12966
30058
5598
26612
20048
24724
2094
10975
6207
10748
6300
3301
11388
24980
11040
26287
13151
14185
29801
3007
7600
22322
14112
8871
27660
8740
26225
19832
1418
15118
20936
13950
24991
6305
15832
21802
2367
4623
3810
32592
13125
6617
26676
6803
21
6881
25840
541
6272
11207
19982
29843
13288
3186
29092
7751
18852
8685
32613
5040
29093
25717
3688
20504
14426
29648
12332
3221
27090
17888
13528
826
6177
9079
1223
29326
24836
26477
13123
30013
14024
13296
11921
526
12391
4636
12591
10261
9461
12235
22617
23338
5690
12207
977
25754
11937
16286
25312
19484
22097
26924
21144
19718
9113
20607
29021
11200
10897
21855
2980
32633
28670
19085
17913
17434
887
14166
10311
18552
1222
22375
28244
19662
6289
19683
16779
25962
4154
14515
16382
30118
18691
11550
29867
22298
1654
11929
9470
272
19460
14048
6040
17464
31212
28229
14415
28318
12638
3912
15734
27608
17376
10345
12894
13700
12786
12346
2844
10226
31981
8120
9613
3869
20529
1755
23448
32736
17791
20332
2739
20838
18596
8727
13481
19171
24152
8641
7578
22913
21093
28956
2883
25246
4364
13944
2431
1588
12196
4572
22542
26008
26756
14677
26006
17000
3619
12174
31719
2494
14718
18593
387
8106
14266
28973
29790
32480
31499
27561
482
173
4820
30711
24630
24880
28432
6460
19648
21446
29424
28144
21481
15302
6853
20017
17952
23919
14625
9309
32289
6942
3897
13279
23671
4804
17550
16969
7231
12184
461
22180
25904
1033
13043
771
16088
32759
13492
27743
18728
22306
28958
1182
24115
11235
12154
10997
307
21018
7027
9840
16077
15975
18298
11983
25238
30109
11880
30612
9685
4211
30821
29018
15243
10109
1801
13672
23984
15195
3266
20358
16320
27953
13174
23056
2678
6999
5737
8264
17623
13905
4960
15088
20083
25089
14087
23321
20200
14107
18576
14134
16039
14554
14493
20084
27899
21233
30560
30286
10055
29637
30208
26203
25999
5849
22335
13931
8249
21385
4955
723
13077
17404
4913
11013
29084
22612
1704
24164
20597
27175
31309
27478
18494
9267
28731
1178
