3
0
624
633
22019
22108
22145
28145
19890
13100
20408
16795
18961
14399
12594
11600
12225
255
3268
3945
26699
802
10840
21749
7697
10961
17285
5886
29829
522
7523
7439
4248
26435
29853
26866
1398
5968
28615
12222
31088
3718
3058
25618
5945
1313
14206
13723
8022
2787
3888
10716
11728
1534
29060
12846
2092
6452
23621
25349
1948
13629
18522
12406
29559
22889
30691
21494
24551
18310
27269
16229
25826
12036
27649
16715
16731
4951
28940
15969
16057
29085
13915
9299
26760
27009
22013
31172
27758
27999
18157
12178
13921
15785
31464
5980
7448
13193
3708
9026
12991
7879
16226
21228
3567
15086
7437
29134
7901
32682
10115
2730
25810
20597
20588
13398
6107
20338
4712
7103
6849
22425
4774
28462
18747
25109
179
3786
30307
23274
10383
9823
12135
10459
27398
5213
5761
27787
4157
16932
27177
15074
10380
20862
3209
22194
28555
17261
7985
11675
25968
31784
1804
7212
4760
18528
27794
15690
10595
18375
3136
18646
31301
24787
27461
17802
28186
8639
17535
4644
31418
13012
16805
2503
17870
15846
21702
18334
27106
28449
17906
19906
4539
29446
18743
4958
24042
5552
12495
15889
18593
26460
3991
2707
31686
2600
24515
10396
19782
3355
464
3585
21932
30822
10171
1312
21746
28393
113
31359
22934
2297
14214
19888
24049
19553
7465
10616
20421
26022
2648
10032
13845
1680
21840
16746
26937
3557
27208
23000
4401
23672
23646
22122
24122
31586
722
6583
12191
30608
30322
23198
7378
5758
853
7981
5307
18497
25292
24257
1872
31435
20886
3951
19814
12907
22099
8867
17094
2963
19515
13575
18052
2526
1552
30119
5516
22609
7505
2130
13182
24290
16817
26435
21948
20790
7368
2049
1217
6831
7687
18307
26548
19366
17137
24984
28220
27637
12168
30598
19607
22201
11014
27121
32230
854
21710
2559
16587
24507
9634
26042
16950
8167
4374
13238
27260
9899
23365
8691
170
27570
30402
3076
6168
704
32466
23665
31809
10295
8664
7515
3793
30431
4112
31838
19456
10982
17024
17852
26911
5670
11820
6839
16752
10663
14218
26430
1339
14437
31285
23244
24350
22355
14565
26766
933
32415
2463
4804
24347
20536
4649
1385
21919
10126
26817
17430
18810
22169
27918
28452
23471
13340
11607
25617
6868
24363
11251
15652
5153
23531
6401
29780
31431
28057
21593
11623
22914
20941
19394
27479
626
16640
2405
13561
12583
22604
1665
27872
4859
20596
5729
24704
10660
9764
32139
21135
15369
6010
2363
1201
18773
6852
15119
1107
12874
12940
23812
16087
3289
17106
4513
8434
21999
19352
13426
17747
30097
11428
7864
30342
18731
22145
9311
2071
10277
3271
23856
19194
5816
7580
3656
8490
6912
12923
18377
29841
26706
7732
2767
5416
21711
19508
2982
16991
19769
13575
25658
25535
15110
31771
19150
13518
4275
6855
8433
26675
28763
15499
28334
1562
8328
12442
7684
2522
17225
5269
2710
725
901
7322
14754
15520
11406
7293
20023
12901
24569
13909
3491
20869
23982
21051
2091
20353
4667
17230
14848
5914
24430
15867
14446
4279
21282
891
16213
18952
16473
26268
13021
16617
28299
3525
26982
21897
21310
5684
20926
10187
2519
31883
18839
25580
32176
28299
14392
16999
31338
27167
16754
16149
5765
19868
9430
19353
11309
15687
7461
251
21591
536
21512
5267
6157
17853
15873
5161
19462
20450
29346
11610
19066
10416
21757
1085
32564
17555
8283
23879
31209
7489
11569
7788
31432
23544
591
27527
11602
30982
1627
25084
1388
29839
25982
14236
29363
3211
32605
16585
24079
5134
29003
8666
9611
20428
4284
12225
2660
31708
27133
17386
17759
24252
5923
1895
13664
3478
834
31051
23609
17857
28127
13395
7616
32651
17063
14284
29988
7734
6497
14256
5249
24896
29217
14355
8881
31464
446
30653
2918
28653
8839
28185
5493
9369
15666
24654
13173
15102
15893
20907
17033
9856
27289
21320
11130
6291
